10
74 60 97
59 60 60 61 60 60 61 59 60 61 60 59 59 59 60 61 61 60 60 59 60 61 59 61 61 60 60 60 59 60 60 59 59 61 60 59 61 59 61 59 59 61 60 61 61 59 60 59 59 59 61 60 59 59 59 59 60 60 61 61 61 60 59 59 61 59 61 61 59 59 60 59 61 61
46 66 6
10029 4659 3269 6238 277 6404 1754 1788 5109 2386 1814 10710 6247 10117 1149 4097 9301 6215 10399 1736 4805 2140 9517 3995 5596 6407 8259 3680 6476 1351 7811 5533 3863 1876 8345 10823 9466 8695 1553 1452 7425 2080 9585 1948 1213 4517
95 29 2
7051 3854 6810 8131 8561 5349 10987 5401 7911 2951 3929 10900 3375 3067 7248 5184 1216 2195 10107 3174 6029 483 1715 9712 166 9611 2048 9534 1670 1864 3616 4801 4512 1331 7307 9791 2757 1929 304 2579 5001 10113 4492 2087 2987 1438 10571 3558 8239 1169 5606 8707 3879 8903 5376 10619 2435 5517 3220 2611 1118 7452 7783 10214 10577 9491 1422 3520 5238 10975 8442 2564 10482 4277 10043 7905 2688 7893 9147 385 3122 5246 9657 971 9594 1581 2680 5065 9717 4683 3684 1828 5548 4664 558
33 33 81
34 33 34 32 34 34 34 34 34 34 34 34 32 33 34 32 34 34 34 32 34 32 32 34 33 32 32 34 34 32 33 33 34
25 1 3
4816 5026 4347 4818 8766 1113 3869 8494 4596 10594 9770 7684 4399 5682 2183 10329 512 602 10060 2848 5939 5205 10892 2678 2969
37 40 11
4931 4199 3660 1699 10715 8848 3868 7724 5912 10908 1166 852 9204 696 3009 10767 5202 10057 4441 3090 8612 199 989 6990 3797 9005 3488 1418 5652 584 6915 5819 10596 5977 238 689 5543
47 71 29
322 4690 6346 9632 2719 4859 10006 3612 5686 8601 2329 9615 4180 9646 3744 1176 1714 4768 2729 6076 6809 2105 9798 8777 2121 3896 4244 1989 10860 8964 3050 9181 8393 9847 4999 1812 5715 4784 4402 7502 24 7793 7825 4172 5156 10874 5311
33 22 40
3432 910 11045 452 4372 7702 129 6280 6303 10775 509 775 3577 5105 2447 28 10346 10282 2896 4422 228 2620 5431 7147 3561 5755 9374 5776 750 6640 4376 6786 1102
7 33 44
3471 6365 10306 4658 1 9400 2371
85 17 61
16 34 17 17 34 33 16 17 16 17 16 16 16 17 17 16 33 33 16 16 16 17 17 17 17 33 16 16 16 16 16 34 33 16 16 16 17 16 16 17 33 17 17 17 17 17 17 17 16 17 33 17 33 17 17 17 16 33 33 33 16 17 17 16 17 17 34 34 34 17 33 17 17 16 34 16 34 17 34 17 17 33 33 17 34